42.564757258424045
42.87627580559652
41.81376866631224
41.76491429280028
41.781002521108206
42.407962148488444
41.865662013144465
42.61335353898569
42.33843405222147
42.532627315866634
42.03333456063095
41.40394717868418
42.504410907732854
42.960166533643324
42.19877588164924
42.031448410717395
41.93410487020046
41.874920342349505
41.87379933503856
42.564757258424045
42.87627580559652
41.81376866631224
41.76491429280028
41.781002521108206
42.407962148488444
41.865662013144465
42.61335353898569
42.33843405222147
42.532627315866634
42.03333456063095
41.40394717868418
42.504410907732854
42.960166533643324
42.19877588164924
42.031448410717395
41.93410487020046
41.874920342349505
41.87379933503856
42.564757258424045
42.87627580559652
41.81376866631224
41.76491429280028
41.781002521108206
42.407962148488444
41.865662013144465
42.61335353898569
42.33843405222147
42.532627315866634
42.03333456063095
41.40394717868418
42.504410907732854
42.960166533643324
42.19877588164924
42.031448410717395
41.93410487020046
41.874920342349505
41.87379933503856
42.564757258424045
42.87627580559652
41.81376866631224
41.76491429280028
41.781002521108206
42.407962148488444
41.865662013144465
42.61335353898569
42.33843405222147
42.532627315866634
42.03333456063095
41.40394717868418
42.504410907732854
42.960166533643324
42.19877588164924
42.031448410717395
41.93410487020046
41.874920342349505
41.87379933503856
42.564757258424045
42.87627580559652
41.81376866631224
41.76491429280028
41.781002521108206
42.407962148488444
41.865662013144465
42.61335353898569
42.33843405222147
42.532627315866634
42.03333456063095
41.40394717868418
42.504410907732854
42.960166533643324
42.19877588164924
42.031448410717395
41.93410487020046
41.874920342349505
41.87379933503856
42.564757258424045
42.87627580559652
41.81376866631224
41.76491429280028
41.781002521108206
42.407962148488444
41.865662013144465
42.61335353898569
42.33843405222147
42.532627315866634
42.03333456063095
41.40394717868418
42.504410907732854
42.960166533643324
42.19877588164924
42.031448410717395
41.93410487020046
41.874920342349505
41.87379933503856
42.564757258424045
42.87627580559652
41.81376866631224
41.76491429280028
41.781002521108206
42.407962148488444
41.865662013144465
42.61335353898569
42.33843405222147
42.532627315866634
42.03333456063095
41.40394717868418
42.504410907732854
42.960166533643324
42.19877588164924
42.031448410717395
41.93410487020046
41.874920342349505
41.87379933503856
42.564757258424045
42.87627580559652
41.81376866631224
41.76491429280028
41.781002521108206
42.407962148488444
41.865662013144465
42.61335353898569
42.33843405222147
42.532627315866634
42.03333456063095
41.40394717868418
42.504410907732854
42.960166533643324
42.19877588164924
42.031448410717395
41.93410487020046
41.874920342349505
41.87379933503856
42.564757258424045
42.87627580559652
41.81376866631224
41.76491429280028
41.781002521108206
42.407962148488444
41.865662013144465
42.61335353898569
42.33843405222147
42.532627315866634
42.03333456063095
41.40394717868418
42.504410907732854
42.960166533643324
42.19877588164924
42.031448410717395
41.93410487020046
41.874920342349505
41.87379933503856
42.564757258424045
42.87627580559652
41.81376866631224
41.76491429280028
41.781002521108206
42.407962148488444
41.865662013144465
42.61335353898569
42.33843405222147
42.532627315866634
42.03333456063095
41.40394717868418
42.504410907732854
42.960166533643324
42.19877588164924
42.031448410717395
41.93410487020046
41.874920342349505
41.87379933503856
42.564757258424045
42.87627580559652
41.81376866631224
41.76491429280028
41.781002521108206
42.407962148488444
41.865662013144465
42.61335353898569
42.33843405222147
42.532627315866634
42.03333456063095
41.40394717868418
42.504410907732854
42.960166533643324
42.19877588164924
42.031448410717395
41.93410487020046
41.874920342349505
41.87379933503856
42.564757258424045
42.87627580559652
41.81376866631224
41.76491429280028
41.781002521108206
42.407962148488444
41.865662013144465
42.61335353898569
42.33843405222147
42.532627315866634
42.03333456063095
41.40394717868418
42.504410907732854
42.960166533643324
42.19877588164924
42.031448410717395
41.93410487020046
41.874920342349505
41.87379933503856
42.564757258424045
42.87627580559652
41.81376866631224
41.76491429280028
41.781002521108206
42.407962148488444
41.865662013144465
42.61335353898569
42.33843405222147
42.532627315866634
42.03333456063095
41.40394717868418
42.504410907732854
42.960166533643324
42.19877588164924
42.031448410717395
41.93410487020046
41.874920342349505
41.87379933503856
42.564757258424045
42.87627580559652
41.81376866631224
41.76491429280028
41.781002521108206
42.407962148488444
41.865662013144465
42.61335353898569
42.33843405222147
42.532627315866634
42.03333456063095
41.40394717868418
42.504410907732854
42.960166533643324
42.19877588164924
42.031448410717395
41.93410487020046
41.874920342349505
41.87379933503856
42.564757258424045
42.87627580559652
41.81376866631224
41.76491429280028
41.781002521108206
42.407962148488444
41.865662013144465
42.61335353898569
42.33843405222147
42.532627315866634
42.03333456063095
41.40394717868418
42.504410907732854
42.960166533643324
42.19877588164924
42.031448410717395
41.93410487020046
41.874920342349505
41.87379933503856
42.564757258424045
42.87627580559652
41.81376866631224
41.76491429280028
41.781002521108206
42.407962148488444
41.865662013144465
42.61335353898569
42.33843405222147
42.532627315866634
42.03333456063095
41.40394717868418
42.504410907732854
42.960166533643324
42.19877588164924
42.031448410717395
41.93410487020046
41.874920342349505
41.87379933503856
42.564757258424045
42.87627580559652
41.81376866631224
41.76491429280028
41.781002521108206
42.407962148488444
41.865662013144465
42.61335353898569
42.33843405222147
42.532627315866634
42.03333456063095
41.40394717868418
42.504410907732854
42.960166533643324
42.19877588164924
42.031448410717395
41.93410487020046
41.874920342349505
41.87379933503856
42.564757258424045
42.87627580559652
41.81376866631224
41.76491429280028
41.781002521108206
42.407962148488444
41.865662013144465
42.61335353898569
42.33843405222147
42.532627315866634
42.03333456063095
41.40394717868418
42.504410907732854
42.960166533643324
42.19877588164924
42.031448410717395
41.93410487020046
41.874920342349505
41.87379933503856
42.564757258424045
42.87627580559652
41.81376866631224
41.76491429280028
41.781002521108206
42.407962148488444
41.865662013144465
42.61335353898569
42.33843405222147
42.532627315866634
42.03333456063095
41.40394717868418
42.504410907732854
42.960166533643324
42.19877588164924
42.031448410717395
41.93410487020046
41.874920342349505
41.87379933503856
42.564757258424045
42.87627580559652
41.81376866631224
41.76491429280028
41.781002521108206
42.407962148488444
41.865662013144465
42.61335353898569
42.33843405222147
42.532627315866634
42.03333456063095
41.40394717868418
42.504410907732854
42.960166533643324
42.19877588164924
42.031448410717395
41.93410487020046
41.874920342349505
41.87379933503856
42.564757258424045
42.87627580559652
41.81376866631224
41.76491429280028
41.781002521108206
42.407962148488444
41.865662013144465
42.61335353898569
42.33843405222147
42.532627315866634
42.03333456063095
41.40394717868418
42.504410907732854
42.960166533643324
42.19877588164924
42.031448410717395
41.93410487020046
41.874920342349505
41.87379933503856
42.564757258424045
42.87627580559652
41.81376866631224
41.76491429280028
41.781002521108206
42.407962148488444
41.865662013144465
42.61335353898569
42.33843405222147
42.532627315866634
42.03333456063095
41.40394717868418
42.504410907732854
42.960166533643324
42.19877588164924
42.031448410717395
41.93410487020046
41.874920342349505
41.87379933503856
42.564757258424045
42.87627580559652
41.81376866631224
41.76491429280028
41.781002521108206
42.407962148488444
41.865662013144465
42.61335353898569
42.33843405222147
42.532627315866634
42.03333456063095
41.40394717868418
42.504410907732854
42.960166533643324
42.19877588164924
42.031448410717395
41.93410487020046
41.874920342349505
41.87379933503856
42.564757258424045
42.87627580559652
41.81376866631224
41.76491429280028
41.781002521108206
42.407962148488444
41.865662013144465
42.61335353898569
42.33843405222147
42.532627315866634
42.03333456063095
41.40394717868418
42.504410907732854
42.960166533643324
42.19877588164924
42.031448410717395
41.93410487020046
41.874920342349505
41.87379933503856
42.564757258424045
42.87627580559652
41.81376866631224
41.76491429280028
41.781002521108206
42.407962148488444
41.865662013144465
42.61335353898569
42.33843405222147
42.532627315866634
42.03333456063095
41.40394717868418
42.504410907732854
42.960166533643324
42.19877588164924
42.031448410717395
41.93410487020046
41.874920342349505
41.87379933503856
42.564757258424045
42.87627580559652
41.81376866631224
41.76491429280028
41.781002521108206
42.407962148488444
41.865662013144465
42.61335353898569
42.33843405222147
42.532627315866634
42.03333456063095
41.40394717868418
42.504410907732854
42.960166533643324
42.19877588164924
42.031448410717395
41.93410487020046
41.874920342349505
41.87379933503856
42.564757258424045
42.87627580559652
41.81376866631224
41.76491429280028
41.781002521108206
42.407962148488444
41.865662013144465
42.61335353898569
42.33843405222147
42.532627315866634
42.03333456063095
41.40394717868418
42.504410907732854
42.960166533643324
42.19877588164924
42.031448410717395
41.93410487020046
41.874920342349505
41.87379933503856
42.564757258424045
42.87627580559652
41.81376866631224
41.76491429280028
41.781002521108206
42.407962148488444
41.865662013144465
42.61335353898569
42.33843405222147
42.532627315866634
42.03333456063095
41.40394717868418
42.504410907732854
42.960166533643324
42.19877588164924
42.031448410717395
41.93410487020046
41.874920342349505
41.87379933503856
42.564757258424045
42.87627580559652
41.81376866631224
41.76491429280028
41.781002521108206
42.407962148488444
41.865662013144465
42.61335353898569
42.33843405222147
42.532627315866634
42.03333456063095
41.40394717868418
42.504410907732854
42.960166533643324
42.19877588164924
42.031448410717395
41.93410487020046
41.874920342349505
41.87379933503856
42.564757258424045
42.87627580559652
41.81376866631224
41.76491429280028
41.781002521108206
42.407962148488444
41.865662013144465
42.61335353898569
42.33843405222147
42.532627315866634
42.03333456063095
41.40394717868418
42.504410907732854
42.960166533643324
42.19877588164924
42.031448410717395
41.93410487020046
41.874920342349505
41.87379933503856
42.564757258424045
42.87627580559652
41.81376866631224
41.76491429280028
41.781002521108206
42.407962148488444
41.865662013144465
42.61335353898569
42.33843405222147
42.532627315866634
42.03333456063095
41.40394717868418
42.504410907732854
42.960166533643324
42.19877588164924
42.031448410717395
41.93410487020046
41.874920342349505
41.87379933503856
42.564757258424045
42.87627580559652
41.81376866631224
41.76491429280028
41.781002521108206
42.407962148488444
41.865662013144465
42.61335353898569
42.33843405222147
42.532627315866634
42.03333456063095
41.40394717868418
42.504410907732854
42.960166533643324
42.19877588164924
42.031448410717395
41.93410487020046
41.874920342349505
41.87379933503856
42.564757258424045
42.87627580559652
41.81376866631224
41.76491429280028
41.781002521108206
42.407962148488444
41.865662013144465
42.61335353898569
42.33843405222147
42.532627315866634
42.03333456063095
41.40394717868418
42.504410907732854
42.960166533643324
42.19877588164924
42.031448410717395
41.93410487020046
41.874920342349505
41.87379933503856
42.564757258424045
42.87627580559652
41.81376866631224
41.76491429280028
41.781002521108206
42.407962148488444
41.865662013144465
42.61335353898569
42.33843405222147
42.532627315866634
42.03333456063095
41.40394717868418
42.504410907732854
42.960166533643324
42.19877588164924
42.031448410717395
41.93410487020046
41.874920342349505
41.87379933503856
42.564757258424045
42.87627580559652
41.81376866631224
41.76491429280028
41.781002521108206
42.407962148488444
41.865662013144465
42.61335353898569
42.33843405222147
42.532627315866634
42.03333456063095
41.40394717868418
42.504410907732854
42.960166533643324
42.19877588164924
42.031448410717395
41.93410487020046
41.874920342349505
41.87379933503856
42.564757258424045
42.87627580559652
41.81376866631224
41.76491429280028
41.781002521108206
42.407962148488444
41.865662013144465
42.61335353898569
42.33843405222147
42.532627315866634
42.03333456063095
41.40394717868418
42.504410907732854
42.960166533643324
42.19877588164924
42.031448410717395
41.93410487020046
41.874920342349505
41.87379933503856
42.564757258424045
42.87627580559652
41.81376866631224
41.76491429280028
41.781002521108206
42.407962148488444
41.865662013144465
42.61335353898569
42.33843405222147
42.532627315866634
42.03333456063095
41.40394717868418
42.504410907732854
42.960166533643324
42.19877588164924
42.031448410717395
41.93410487020046
41.874920342349505
41.87379933503856
42.564757258424045
42.87627580559652
41.81376866631224
41.76491429280028
41.781002521108206
42.407962148488444
41.865662013144465
42.61335353898569
42.33843405222147
42.532627315866634
42.03333456063095
41.40394717868418
42.504410907732854
42.960166533643324
42.19877588164924
42.031448410717395
41.93410487020046
41.874920342349505
41.87379933503856
42.564757258424045
42.87627580559652
41.81376866631224
41.76491429280028
41.781002521108206
42.407962148488444
41.865662013144465
42.61335353898569
42.33843405222147
42.532627315866634
42.03333456063095
41.40394717868418
42.504410907732854
42.960166533643324
42.19877588164924
42.031448410717395
41.93410487020046
41.874920342349505
41.87379933503856
42.564757258424045
42.87627580559652
41.81376866631224
41.76491429280028
41.781002521108206
42.407962148488444
41.865662013144465
42.61335353898569
42.33843405222147
42.532627315866634
42.03333456063095
41.40394717868418
42.504410907732854
42.960166533643324
42.19877588164924
42.031448410717395
41.93410487020046
41.874920342349505
41.87379933503856
42.564757258424045
42.87627580559652
41.81376866631224
41.76491429280028
41.781002521108206
42.407962148488444
41.865662013144465
42.61335353898569
42.33843405222147
42.532627315866634
42.03333456063095
41.40394717868418
42.504410907732854
42.960166533643324
42.19877588164924
42.031448410717395
41.93410487020046
41.874920342349505
41.87379933503856
19.396983585384163
23.217254909042744
21.97284990399658
20.09840263168527
24.413609783264157
23.76374914794294
32.10769822697035
32.981743939332475
19.396983585384163
23.217254909042744
21.97284990399658
20.09840263168527
24.413609783264157
23.76374914794294
32.10769822697035
32.981743939332475
22.79574663804299
37.390740192567414
24.877804478363558
34.02508248756048
23.14837799629699
24.068169121240558
24.57555693499121
19.755999129986158
27.76874203934057
37.02302992015583
31.49386122550947
32.00496746818119
42.564757258424045
42.87627580559652
41.81376866631224
41.76491429280028
41.781002521108206
42.407962148488444
41.865662013144465
42.61335353898569
42.33843405222147
42.532627315866634
42.03333456063095
41.40394717868418
42.504410907732854
42.960166533643324
42.19877588164924
42.031448410717395
41.93410487020046
41.874920342349505
41.87379933503856
42.564757258424045
42.87627580559652
41.81376866631224
41.76491429280028
41.781002521108206
42.407962148488444
41.865662013144465
42.61335353898569
42.33843405222147
42.532627315866634
42.03333456063095
41.40394717868418
42.504410907732854
42.960166533643324
42.19877588164924
42.031448410717395
41.93410487020046
41.874920342349505
41.87379933503856
19.396983585384163
23.217254909042744
21.97284990399658
20.09840263168527
24.413609783264157
23.76374914794294
32.10769822697035
32.981743939332475
19.396983585384163
23.217254909042744
21.97284990399658
20.09840263168527
24.413609783264157
23.76374914794294
32.10769822697035
32.981743939332475
5.260301615685839
8.235824061792268
2.8420883651449684
13.791526266832163
12.75724001039818
12.15203444255776
11.903284807376187
10.4186335762793
9.043470063659448
4.985454082965928
8.139409911015134
6.475092294881906
1.7956830045295828
30.562442354460835
30.080136276603984
29.872154610435203
28.113574038034983
28.877168237340143
28.80054854869789
28.52851639591829
28.906363354085297
28.781012183703123
27.992316514330273
28.15706269666854
27.776061395639815
27.138834677720297
30.988325206785664
29.316181290790944
28.907458977238118
30.565860693782565
29.595038183564505
29.528395285119128
28.591571397493144
28.06174171137826
28.990813584697964
28.258717930545714
27.919901438887894
27.971061858377908
28.33027275892954
31.319388408687374
29.221001468147264
28.32147305140107
30.438107040140093
27.55399337038502
29.29383818688855
31.76083194389771
28.015917432571744
27.155267201747872
31.30656967458837
29.137830222197515
27.96170354325553
28.966827226177504
28.42104993000936
29.339228105110553
26.530180071760913
28.79342992864428
27.453612105498074
28.301338427365717
27.40376236168426
25.86775680026825
28.282650057036964
29.87589262586143
26.787561954397994
28.867444649578193
25.887372078135616
26.45896396461581
27.063590160796444
27.566234442544914
31.634293063244204
27.865587149456232
27.685258629204075
28.150017958368423
32.357645724010354
28.116607924775067
26.31026826135964
29.679827975759174
26.35134175762603
28.427958545932988
27.847761919848367
24.10480783487796
26.43851350076793
28.799011226821953
26.91484198074623
25.831362402000423
27.78473076322535
27.223239404217498
29.201264769403593
31.460162372806657
29.503112447510322
30.449443596246788
28.629566672628997
29.367683300825714
28.162466213472037
29.74790393288372
28.926368036373425
28.486183092271013
27.04810254125675
26.93138338042925
27.851829786750077
28.684313245576654
27.66383882987939
29.552449645012047
29.91633877123066
29.69337348768128
29.440094481099127
28.654671252344613
28.7503983729457
28.282650057036964
29.87589262586143
26.787561954397994
28.867444649578193
25.887372078135616
26.45896396461581
27.063590160796444
27.566234442544914
31.634293063244204
27.865587149456232
27.685258629204075
28.150017958368423
32.357645724010354
28.116607924775067
26.31026826135964
29.679827975759174
26.35134175762603
28.427958545932988
27.847761919848367
24.10480783487796
26.43851350076793
28.799011226821953
26.91484198074623
25.831362402000423
27.78473076322535
27.223239404217498
29.201264769403593
31.460162372806657
29.503112447510322
30.449443596246788
28.629566672628997
29.367683300825714
28.162466213472037
29.74790393288372
28.926368036373425
28.486183092271013
27.04810254125675
26.93138338042925
27.851829786750077
28.684313245576654
27.66383882987939
29.552449645012047
29.91633877123066
29.69337348768128
29.440094481099127
28.654671252344613
28.7503983729457
28.282650057036964
29.87589262586143
26.787561954397994
28.867444649578193
25.887372078135616
26.45896396461581
27.063590160796444
27.566234442544914
31.634293063244204
27.865587149456232
27.685258629204075
28.150017958368423
32.357645724010354
28.116607924775067
26.31026826135964
29.679827975759174
26.35134175762603
28.427958545932988
27.847761919848367
24.10480783487796
26.43851350076793
28.799011226821953
26.91484198074623
25.831362402000423
27.78473076322535
27.223239404217498
29.201264769403593
31.460162372806657
29.503112447510322
30.449443596246788
28.629566672628997
29.367683300825714
28.162466213472037
29.74790393288372
28.926368036373425
28.486183092271013
27.04810254125675
26.93138338042925
27.851829786750077
28.684313245576654
27.66383882987939
29.552449645012047
29.91633877123066
29.69337348768128
29.440094481099127
28.654671252344613
28.7503983729457
19.396983585384163
23.217254909042744
21.97284990399658
20.09840263168527
24.413609783264157
23.76374914794294
32.10769822697035
32.981743939332475
42.564757258424045
42.87627580559652
41.81376866631224
41.76491429280028
41.781002521108206
42.407962148488444
41.865662013144465
42.61335353898569
42.33843405222147
42.532627315866634
42.03333456063095
41.40394717868418
42.504410907732854
42.960166533643324
42.19877588164924
42.031448410717395
41.93410487020046
41.874920342349505
41.87379933503856
0.31962843866661383
1.7782633687496416
0.044066333530544975
5.9360531561089624
14.332033953518955
0.43964347097320106
2.2704672752446173
30.87999708085547
1.3049399133491497
0.8553198848390842
1.2412039980806664
2.7649735248629477
5.3749650666394055
2.3425970998869987
5.577156667113508
9.280604794267502
1.6960435503636981
4.96592672605373
7.644222475443893
4.447039124157349
20.32862159834482
24.17591332384776
18.70563967516122
3.061379403560974
29.167620174155772
27.10945020248254
30.68654004461343
29.46809586530107
30.93642158726144
29.43501441938612
31.2602736417698
28.78389412718813
27.376803020706326
25.72339948547871
27.735870120056248
28.927743840122172
29.46809586530107
30.93642158726144
29.43501441938612
31.2602736417698
28.78389412718813
27.376803020706326
25.72339948547871
27.735870120056248
28.927743840122172
29.46809586530107
30.93642158726144
29.43501441938612
31.2602736417698
28.78389412718813
27.376803020706326
25.72339948547871
27.735870120056248
28.927743840122172
29.46809586530107
30.93642158726144
29.43501441938612
31.2602736417698
28.78389412718813
27.376803020706326
25.72339948547871
27.735870120056248
28.927743840122172
29.46809586530107
30.93642158726144
29.43501441938612
31.2602736417698
28.78389412718813
27.376803020706326
25.72339948547871
27.735870120056248
28.927743840122172
29.46809586530107
30.93642158726144
29.43501441938612
31.2602736417698
28.78389412718813
27.376803020706326
42.564757258424045
42.87627580559652
41.81376866631224
41.76491429280028
41.781002521108206
42.407962148488444
41.865662013144465
42.61335353898569
42.33843405222147
42.532627315866634
42.03333456063095
41.40394717868418
42.504410907732854
42.960166533643324
42.19877588164924
42.031448410717395
41.93410487020046
41.874920342349505
41.87379933503856
30.562442354460835
30.080136276603984
29.872154610435203
28.113574038034983
28.877168237340143
28.80054854869789
28.52851639591829
28.906363354085297
28.781012183703123
27.992316514330273
28.15706269666854
27.776061395639815
27.138834677720297
30.988325206785664
29.316181290790944
28.907458977238118
30.565860693782565
29.595038183564505
29.528395285119128
28.591571397493144
28.06174171137826
28.990813584697964
28.258717930545714
27.919901438887894
27.971061858377908
28.33027275892954
31.319388408687374
29.221001468147264
28.32147305140107
30.438107040140093
27.55399337038502
29.29383818688855
31.76083194389771
28.015917432571744
27.155267201747872
31.30656967458837
29.137830222197515
27.96170354325553
28.966827226177504
28.42104993000936
29.339228105110553
26.530180071760913
28.79342992864428
27.453612105498074
28.301338427365717
27.40376236168426
25.86775680026825
30.562442354460835
30.080136276603984
29.872154610435203
28.113574038034983
28.877168237340143
28.80054854869789
28.52851639591829
28.906363354085297
28.781012183703123
27.992316514330273
28.15706269666854
27.776061395639815
27.138834677720297
30.988325206785664
29.316181290790944
28.907458977238118
30.565860693782565
29.595038183564505
29.528395285119128
28.591571397493144
28.06174171137826
28.990813584697964
28.258717930545714
27.919901438887894
27.971061858377908
28.33027275892954
31.319388408687374
29.221001468147264
28.32147305140107
30.438107040140093
27.55399337038502
29.29383818688855
31.76083194389771
28.015917432571744
27.155267201747872
31.30656967458837
29.137830222197515
27.96170354325553
28.966827226177504
28.42104993000936
29.339228105110553
26.530180071760913
28.79342992864428
27.453612105498074
28.301338427365717
27.40376236168426
25.86775680026825
30.562442354460835
30.080136276603984
29.872154610435203
28.113574038034983
28.877168237340143
28.80054854869789
28.52851639591829
28.906363354085297
28.781012183703123
27.992316514330273
28.15706269666854
27.776061395639815
27.138834677720297
30.988325206785664
29.316181290790944
28.907458977238118
30.565860693782565
29.595038183564505
29.528395285119128
28.591571397493144
28.06174171137826
28.990813584697964
28.258717930545714
27.919901438887894
27.971061858377908
28.33027275892954
31.319388408687374
29.221001468147264
28.32147305140107
30.438107040140093
27.55399337038502
29.29383818688855
31.76083194389771
28.015917432571744
27.155267201747872
31.30656967458837
29.137830222197515
27.96170354325553
28.966827226177504
28.42104993000936
29.339228105110553
26.530180071760913
28.79342992864428
27.453612105498074
28.301338427365717
27.40376236168426
25.86775680026825
30.562442354460835
30.080136276603984
29.872154610435203
28.113574038034983
28.877168237340143
28.80054854869789
28.52851639591829
28.906363354085297
28.781012183703123
27.992316514330273
28.15706269666854
27.776061395639815
27.138834677720297
30.988325206785664
29.316181290790944
28.907458977238118
30.565860693782565
29.595038183564505
29.528395285119128
28.591571397493144
28.06174171137826
28.990813584697964
28.258717930545714
27.919901438887894
27.971061858377908
28.33027275892954
31.319388408687374
29.221001468147264
28.32147305140107
30.438107040140093
27.55399337038502
29.29383818688855
31.76083194389771
28.015917432571744
27.155267201747872
31.30656967458837
29.137830222197515
27.96170354325553
28.966827226177504
28.42104993000936
29.339228105110553
26.530180071760913
28.79342992864428
27.453612105498074
28.301338427365717
27.40376236168426
25.86775680026825
30.562442354460835
30.080136276603984
29.872154610435203
28.113574038034983
28.877168237340143
28.80054854869789
28.52851639591829
28.906363354085297
28.781012183703123
27.992316514330273
28.15706269666854
27.776061395639815
27.138834677720297
30.988325206785664
29.316181290790944
28.907458977238118
30.565860693782565
29.595038183564505
29.528395285119128
28.591571397493144
28.06174171137826
28.990813584697964
28.258717930545714
27.919901438887894
27.971061858377908
28.33027275892954
31.319388408687374
29.221001468147264
28.32147305140107
30.438107040140093
27.55399337038502
29.29383818688855
31.76083194389771
28.015917432571744
27.155267201747872
31.30656967458837
29.137830222197515
27.96170354325553
28.966827226177504
28.42104993000936
29.339228105110553
26.530180071760913
28.79342992864428
27.453612105498074
28.301338427365717
27.40376236168426
25.86775680026825
30.562442354460835
30.080136276603984
29.872154610435203
28.113574038034983
28.877168237340143
28.80054854869789
28.52851639591829
28.906363354085297
28.781012183703123
27.992316514330273
28.15706269666854
27.776061395639815
27.138834677720297
30.988325206785664
29.316181290790944
28.907458977238118
30.565860693782565
29.595038183564505
29.528395285119128
28.591571397493144
28.06174171137826
28.990813584697964
28.258717930545714
27.919901438887894
27.971061858377908
28.33027275892954
31.319388408687374
29.221001468147264
28.32147305140107
30.438107040140093
27.55399337038502
29.29383818688855
31.76083194389771
28.015917432571744
27.155267201747872
31.30656967458837
29.137830222197515
27.96170354325553
28.966827226177504
28.42104993000936
29.339228105110553
26.530180071760913
28.79342992864428
27.453612105498074
28.301338427365717
27.40376236168426
25.86775680026825
30.562442354460835
30.080136276603984
29.872154610435203
28.113574038034983
28.877168237340143
28.80054854869789
28.52851639591829
28.906363354085297
28.781012183703123
27.992316514330273
28.15706269666854
27.776061395639815
27.138834677720297
30.988325206785664
29.316181290790944
28.907458977238118
30.565860693782565
29.595038183564505
29.528395285119128
28.591571397493144
28.06174171137826
28.990813584697964
28.258717930545714
27.919901438887894
27.971061858377908
28.33027275892954
31.319388408687374
29.221001468147264
28.32147305140107
30.438107040140093
27.55399337038502
29.29383818688855
31.76083194389771
28.015917432571744
27.155267201747872
31.30656967458837
29.137830222197515
27.96170354325553
28.966827226177504
28.42104993000936
29.339228105110553
26.530180071760913
28.79342992864428
27.453612105498074
28.301338427365717
27.40376236168426
25.86775680026825
30.562442354460835
30.080136276603984
29.872154610435203
28.113574038034983
28.877168237340143
28.80054854869789
28.52851639591829
28.906363354085297
28.781012183703123
27.992316514330273
28.15706269666854
27.776061395639815
27.138834677720297
30.988325206785664
29.316181290790944
28.907458977238118
30.565860693782565
29.595038183564505
29.528395285119128
28.591571397493144
28.06174171137826
28.990813584697964
28.258717930545714
27.919901438887894
27.971061858377908
28.33027275892954
31.319388408687374
29.221001468147264
28.32147305140107
30.438107040140093
27.55399337038502
29.29383818688855
31.76083194389771
28.015917432571744
27.155267201747872
31.30656967458837
29.137830222197515
27.96170354325553
28.966827226177504
28.42104993000936
29.339228105110553
26.530180071760913
28.79342992864428
27.453612105498074
28.301338427365717
27.40376236168426
25.86775680026825
30.77650603344484
30.080136276603984
29.872154610435203
28.113574038034983
28.877168237340143
28.80054854869789
28.52851639591829
28.906363354085297
28.781012183703123
27.992316514330273
28.15706269666854
27.776061395639815
27.138834677720297
30.988325206785664
29.316181290790944
28.907458977238118
30.565860693782565
29.595038183564505
29.528395285119128
28.591571397493144
28.06174171137826
28.990813584697964
28.258717930545714
27.919901438887894
27.971061858377908
28.33027275892954
31.319388408687374
29.221001468147264
28.32147305140107
30.438107040140093
27.55399337038502
29.29383818688855
31.76083194389771
28.015917432571744
27.155267201747872
31.30656967458837
29.137830222197515
27.96170354325553
28.966827226177504
28.42104993000936
29.339228105110553
26.530180071760913
28.79342992864428
27.453612105498074
28.301338427365717
27.40376236168426
25.86775680026825
30.562442354460835
30.080136276603984
29.872154610435203
28.113574038034983
28.877168237340143
28.80054854869789
28.52851639591829
28.906363354085297
28.781012183703123
27.992316514330273
28.15706269666854
27.776061395639815
27.138834677720297
30.988325206785664
29.316181290790944
28.907458977238118
30.565860693782565
29.595038183564505
29.528395285119128
28.591571397493144
28.06174171137826
28.990813584697964
28.258717930545714
27.919901438887894
27.971061858377908
28.33027275892954
31.319388408687374
29.221001468147264
28.32147305140107
30.438107040140093
27.55399337038502
29.29383818688855
31.76083194389771
28.015917432571744
27.155267201747872
31.30656967458837
29.137830222197515
27.96170354325553
28.966827226177504
28.42104993000936
29.339228105110553
26.530180071760913
28.79342992864428
27.453612105498074
28.301338427365717
27.40376236168426
25.86775680026825
30.562442354460835
30.080136276603984
29.872154610435203
28.113574038034983
28.877168237340143
28.80054854869789
28.52851639591829
28.906363354085297
28.781012183703123
27.992316514330273
28.15706269666854
27.776061395639815
27.138834677720297
30.988325206785664
29.316181290790944
28.907458977238118
30.565860693782565
29.595038183564505
29.528395285119128
28.591571397493144
28.06174171137826
28.990813584697964
28.258717930545714
27.919901438887894
27.971061858377908
28.33027275892954
31.319388408687374
29.221001468147264
28.32147305140107
30.438107040140093
27.55399337038502
29.29383818688855
31.76083194389771
28.015917432571744
27.155267201747872
31.30656967458837
29.137830222197515
27.96170354325553
28.966827226177504
28.42104993000936
29.339228105110553
26.530180071760913
28.79342992864428
27.453612105498074
28.301338427365717
27.40376236168426
25.86775680026825
30.562442354460835
30.080136276603984
29.872154610435203
28.113574038034983
28.877168237340143
28.80054854869789
28.52851639591829
28.906363354085297
28.781012183703123
27.992316514330273
28.15706269666854
27.776061395639815
27.138834677720297
30.988325206785664
29.316181290790944
28.907458977238118
30.565860693782565
29.595038183564505
29.528395285119128
28.591571397493144
28.06174171137826
28.990813584697964
28.258717930545714
27.919901438887894
27.971061858377908
28.33027275892954
31.319388408687374
29.221001468147264
28.32147305140107
30.438107040140093
27.55399337038502
29.29383818688855
31.76083194389771
28.015917432571744
27.155267201747872
31.30656967458837
29.137830222197515
27.96170354325553
28.966827226177504
28.42104993000936
29.339228105110553
26.530180071760913
28.79342992864428
27.453612105498074
28.301338427365717
27.40376236168426
25.86775680026825
30.562442354460835
30.080136276603984
29.872154610435203
28.113574038034983
28.877168237340143
28.80054854869789
28.52851639591829
28.906363354085297
28.781012183703123
27.992316514330273
28.15706269666854
27.776061395639815
27.138834677720297
30.988325206785664
29.316181290790944
28.907458977238118
30.565860693782565
29.595038183564505
29.528395285119128
28.591571397493144
28.06174171137826
28.990813584697964
28.258717930545714
27.919901438887894
27.971061858377908
28.33027275892954
31.319388408687374
29.221001468147264
28.32147305140107
30.438107040140093
27.55399337038502
29.29383818688855
31.76083194389771
28.015917432571744
27.155267201747872
31.30656967458837
29.137830222197515
27.96170354325553
28.966827226177504
28.42104993000936
29.339228105110553
26.530180071760913
28.79342992864428
27.453612105498074
28.301338427365717
27.40376236168426
25.86775680026825
30.562442354460835
30.080136276603984
29.872154610435203
28.113574038034983
28.877168237340143
28.80054854869789
28.52851639591829
28.906363354085297
28.781012183703123
27.992316514330273
28.15706269666854
27.776061395639815
27.138834677720297
30.988325206785664
29.316181290790944
28.907458977238118
30.565860693782565
29.595038183564505
29.528395285119128
28.591571397493144
28.06174171137826
28.990813584697964
28.258717930545714
27.919901438887894
27.971061858377908
28.33027275892954
31.319388408687374
29.221001468147264
28.32147305140107
30.438107040140093
27.55399337038502
29.29383818688855
31.76083194389771
28.015917432571744
27.155267201747872
31.30656967458837
29.137830222197515
27.96170354325553
28.966827226177504
28.42104993000936
29.339228105110553
26.530180071760913
28.79342992864428
27.453612105498074
28.301338427365717
27.40376236168426
25.86775680026825
30.562442354460835
30.080136276603984
29.872154610435203
28.113574038034983
28.877168237340143
28.80054854869789
28.52851639591829
28.906363354085297
28.781012183703123
27.992316514330273
28.15706269666854
27.776061395639815
27.138834677720297
30.988325206785664
29.316181290790944
28.907458977238118
30.565860693782565
29.595038183564505
29.528395285119128
28.591571397493144
28.06174171137826
28.990813584697964
28.258717930545714
27.919901438887894
27.971061858377908
28.33027275892954
31.319388408687374
29.221001468147264
28.32147305140107
30.438107040140093
27.55399337038502
29.29383818688855
31.76083194389771
28.015917432571744
27.155267201747872
31.30656967458837
29.137830222197515
27.96170354325553
28.966827226177504
28.42104993000936
29.339228105110553
26.530180071760913
28.79342992864428
27.453612105498074
28.301338427365717
27.40376236168426
25.86775680026825
42.564757258424045
42.87627580559652
41.81376866631224
41.76491429280028
41.781002521108206
42.407962148488444
41.865662013144465
42.61335353898569
42.33843405222147
42.532627315866634
42.03333456063095
41.40394717868418
42.504410907732854
42.960166533643324
42.19877588164924
42.031448410717395
41.93410487020046
41.874920342349505
41.87379933503856
42.564757258424045
42.87627580559652
41.81376866631224
41.76491429280028
41.781002521108206
42.407962148488444
41.865662013144465
42.61335353898569
42.33843405222147
42.532627315866634
42.03333456063095
41.40394717868418
42.504410907732854
42.960166533643324
42.19877588164924
42.031448410717395
41.93410487020046
41.874920342349505
41.87379933503856
42.564757258424045
42.87627580559652
41.81376866631224
41.76491429280028
41.781002521108206
42.407962148488444
41.865662013144465
42.61335353898569
42.33843405222147
42.532627315866634
42.03333456063095
41.40394717868418
42.504410907732854
42.960166533643324
42.19877588164924
42.031448410717395
41.93410487020046
41.874920342349505
41.87379933503856
42.564757258424045
42.87627580559652
41.81376866631224
41.76491429280028
41.781002521108206
42.407962148488444
41.865662013144465
42.61335353898569
42.33843405222147
42.532627315866634
42.03333456063095
41.40394717868418
42.504410907732854
42.960166533643324
42.19877588164924
42.031448410717395
41.93410487020046
41.874920342349505
41.87379933503856
42.564757258424045
42.87627580559652
41.81376866631224
41.76491429280028
41.781002521108206
42.407962148488444
41.865662013144465
42.61335353898569
42.33843405222147
42.532627315866634
42.03333456063095
41.40394717868418
42.504410907732854
42.960166533643324
42.19877588164924
42.031448410717395
41.93410487020046
41.874920342349505
41.87379933503856
42.564757258424045
42.87627580559652
41.81376866631224
41.76491429280028
41.781002521108206
42.407962148488444
41.865662013144465
42.61335353898569
42.33843405222147
42.532627315866634
42.03333456063095
41.40394717868418
42.504410907732854
42.960166533643324
42.19877588164924
42.031448410717395
41.93410487020046
41.874920342349505
41.87379933503856
42.564757258424045
42.87627580559652
41.81376866631224
41.76491429280028
41.781002521108206
42.407962148488444
41.865662013144465
42.61335353898569
42.33843405222147
42.532627315866634
42.03333456063095
41.40394717868418
42.504410907732854
42.960166533643324
42.19877588164924
42.031448410717395
41.93410487020046
41.874920342349505
41.87379933503856
42.564757258424045
42.87627580559652
41.81376866631224
41.76491429280028
41.781002521108206
42.407962148488444
41.865662013144465
42.61335353898569
42.33843405222147
42.532627315866634
42.03333456063095
41.40394717868418
42.504410907732854
42.960166533643324
42.19877588164924
42.031448410717395
41.93410487020046
41.874920342349505
41.87379933503856
42.564757258424045
42.87627580559652
41.81376866631224
41.76491429280028
41.781002521108206
42.407962148488444
41.865662013144465
42.61335353898569
42.33843405222147
42.532627315866634
42.03333456063095
41.40394717868418
42.504410907732854
42.960166533643324
42.19877588164924
42.031448410717395
41.93410487020046
41.874920342349505
41.87379933503856
30.562442354460835
30.080136276603984
29.872154610435203
28.113574038034983
28.877168237340143
28.80054854869789
28.52851639591829
28.906363354085297
28.781012183703123
27.992316514330273
28.15706269666854
27.776061395639815
27.138834677720297
30.988325206785664
29.316181290790944
28.907458977238118
30.565860693782565
29.595038183564505
29.528395285119128
28.591571397493144
28.06174171137826
28.990813584697964
28.258717930545714
27.919901438887894
27.971061858377908
28.33027275892954
31.319388408687374
29.221001468147264
28.32147305140107
30.438107040140093
27.55399337038502
29.29383818688855
31.76083194389771
28.015917432571744
27.155267201747872
31.30656967458837
29.137830222197515
27.96170354325553
28.966827226177504
28.42104993000936
29.339228105110553
26.530180071760913
28.79342992864428
27.453612105498074
28.301338427365717
27.40376236168426
25.86775680026825
30.562442354460835
30.080136276603984
29.872154610435203
28.113574038034983
28.877168237340143
28.80054854869789
28.52851639591829
28.906363354085297
28.781012183703123
27.992316514330273
28.15706269666854
27.776061395639815
27.138834677720297
30.988325206785664
29.316181290790944
28.907458977238118
30.565860693782565
29.595038183564505
29.528395285119128
28.591571397493144
28.06174171137826
28.990813584697964
28.258717930545714
27.919901438887894
27.971061858377908
28.33027275892954
31.319388408687374
29.221001468147264
28.32147305140107
30.438107040140093
27.55399337038502
29.29383818688855
31.76083194389771
28.015917432571744
27.155267201747872
31.30656967458837
29.137830222197515
27.96170354325553
28.966827226177504
28.42104993000936
29.339228105110553
26.530180071760913
28.79342992864428
27.453612105498074
28.301338427365717
27.40376236168426
25.86775680026825
30.562442354460835
30.080136276603984
29.872154610435203
28.113574038034983
28.877168237340143
28.80054854869789
28.52851639591829
28.906363354085297
28.781012183703123
27.992316514330273
28.15706269666854
27.776061395639815
27.138834677720297
30.988325206785664
29.316181290790944
28.907458977238118
30.565860693782565
29.595038183564505
29.528395285119128
28.591571397493144
28.06174171137826
28.990813584697964
28.258717930545714
27.919901438887894
27.971061858377908
28.33027275892954
31.319388408687374
29.221001468147264
28.32147305140107
30.438107040140093
27.55399337038502
29.29383818688855
31.76083194389771
28.015917432571744
27.155267201747872
31.30656967458837
29.137830222197515
27.96170354325553
28.966827226177504
28.42104993000936
29.339228105110553
26.530180071760913
28.79342992864428
27.453612105498074
28.301338427365717
27.40376236168426
25.86775680026825
42.564757258424045
42.87627580559652
41.81376866631224
41.76491429280028
41.781002521108206
42.407962148488444
41.865662013144465
42.61335353898569
42.33843405222147
42.532627315866634
42.03333456063095
41.40394717868418
42.504410907732854
42.960166533643324
42.19877588164924
42.031448410717395
41.93410487020046
41.874920342349505
41.87379933503856
42.564757258424045
42.87627580559652
41.81376866631224
41.76491429280028
41.781002521108206
42.407962148488444
41.865662013144465
42.61335353898569
42.33843405222147
42.532627315866634
42.03333456063095
41.40394717868418
42.504410907732854
42.960166533643324
42.19877588164924
42.031448410717395
41.93410487020046
41.874920342349505
41.87379933503856
30.562442354460835
30.080136276603984
29.872154610435203
28.113574038034983
28.877168237340143
28.80054854869789
28.52851639591829
28.906363354085297
28.781012183703123
27.992316514330273
28.15706269666854
27.776061395639815
27.138834677720297
30.988325206785664
29.316181290790944
28.907458977238118
30.565860693782565
29.595038183564505
29.528395285119128
28.591571397493144
28.06174171137826
28.990813584697964
28.258717930545714
27.919901438887894
27.971061858377908
28.33027275892954
31.319388408687374
29.221001468147264
28.32147305140107
30.438107040140093
27.55399337038502
29.29383818688855
31.76083194389771
28.015917432571744
27.155267201747872
31.30656967458837
29.137830222197515
27.96170354325553
28.966827226177504
28.42104993000936
29.339228105110553
26.530180071760913
28.79342992864428
27.453612105498074
28.301338427365717
27.40376236168426
25.86775680026825
30.562442354460835
30.080136276603984
29.872154610435203
28.113574038034983
28.877168237340143
28.80054854869789
28.52851639591829
28.906363354085297
28.781012183703123
27.992316514330273
28.15706269666854
27.776061395639815
27.138834677720297
30.988325206785664
29.316181290790944
28.907458977238118
30.565860693782565
29.595038183564505
29.528395285119128
28.591571397493144
28.06174171137826
28.990813584697964
28.258717930545714
27.919901438887894
27.971061858377908
28.33027275892954
31.319388408687374
29.221001468147264
28.32147305140107
30.438107040140093
27.55399337038502
29.29383818688855
31.76083194389771
28.015917432571744
27.155267201747872
31.30656967458837
29.137830222197515
27.96170354325553
28.966827226177504
28.42104993000936
29.339228105110553
26.530180071760913
28.79342992864428
27.453612105498074
28.301338427365717
27.40376236168426
25.86775680026825
30.562442354460835
30.080136276603984
29.872154610435203
28.113574038034983
28.877168237340143
28.80054854869789
28.52851639591829
28.906363354085297
28.781012183703123
27.992316514330273
28.15706269666854
27.776061395639815
27.138834677720297
30.988325206785664
29.316181290790944
28.907458977238118
30.565860693782565
29.595038183564505
29.528395285119128
28.591571397493144
28.06174171137826
28.990813584697964
28.258717930545714
27.919901438887894
27.971061858377908
30.562442354460835
30.080136276603984
29.872154610435203
28.113574038034983
28.877168237340143
28.80054854869789
28.52851639591829
28.906363354085297
28.781012183703123
27.992316514330273
28.15706269666854
27.776061395639815
27.138834677720297
30.988325206785664
29.316181290790944
28.907458977238118
30.565860693782565
29.595038183564505
29.528395285119128
28.591571397493144
28.06174171137826
28.990813584697964
28.258717930545714
27.919901438887894
27.971061858377908
28.33027275892954
31.319388408687374
29.221001468147264
28.32147305140107
30.438107040140093
27.55399337038502
29.29383818688855
31.76083194389771
28.015917432571744
27.155267201747872
31.30656967458837
29.137830222197515
27.96170354325553
28.966827226177504
28.42104993000936
29.339228105110553
26.530180071760913
28.79342992864428
27.453612105498074
28.301338427365717
27.40376236168426
25.86775680026825
30.562442354460835
30.080136276603984
29.872154610435203
28.113574038034983
28.877168237340143
28.80054854869789
28.52851639591829
28.906363354085297
28.781012183703123
27.992316514330273
28.15706269666854
27.776061395639815
27.138834677720297
30.988325206785664
29.316181290790944
28.907458977238118
30.565860693782565
29.595038183564505
29.528395285119128
28.591571397493144
28.06174171137826
28.990813584697964
28.258717930545714
27.919901438887894
27.971061858377908
28.33027275892954
31.319388408687374
29.221001468147264
28.32147305140107
30.438107040140093
27.55399337038502
29.29383818688855
31.76083194389771
28.015917432571744
27.155267201747872
31.30656967458837
29.137830222197515
27.96170354325553
28.966827226177504
28.42104993000936
29.339228105110553
26.530180071760913
28.79342992864428
27.453612105498074
28.301338427365717
27.40376236168426
25.86775680026825
30.562442354460835
30.080136276603984
29.872154610435203
28.113574038034983
28.877168237340143
28.80054854869789
28.52851639591829
28.906363354085297
28.781012183703123
27.992316514330273
28.15706269666854
27.776061395639815
27.138834677720297
30.988325206785664
29.316181290790944
28.907458977238118
30.565860693782565
29.595038183564505
29.528395285119128
28.591571397493144
28.06174171137826
28.990813584697964
28.258717930545714
27.919901438887894
27.971061858377908
28.33027275892954
31.319388408687374
29.221001468147264
28.32147305140107
30.438107040140093
27.55399337038502
29.29383818688855
31.76083194389771
28.015917432571744
27.155267201747872
31.30656967458837
29.137830222197515
27.96170354325553
28.966827226177504
28.42104993000936
29.339228105110553
26.530180071760913
28.79342992864428
27.453612105498074
28.301338427365717
27.40376236168426
25.86775680026825
42.564757258424045
42.87627580559652
41.81376866631224
41.76491429280028
41.781002521108206
42.407962148488444
41.865662013144465
42.61335353898569
42.33843405222147
42.532627315866634
42.03333456063095
41.40394717868418
42.504410907732854
42.960166533643324
42.19877588164924
42.031448410717395
41.93410487020046
41.874920342349505
41.87379933503856
42.564757258424045
42.87627580559652
41.81376866631224
41.76491429280028
41.781002521108206
42.407962148488444
41.865662013144465
42.61335353898569
42.33843405222147
42.532627315866634
42.03333456063095
41.40394717868418
42.504410907732854
42.960166533643324
42.19877588164924
42.031448410717395
41.93410487020046
41.874920342349505
41.87379933503856
42.564757258424045
42.87627580559652
41.81376866631224
41.76491429280028
41.781002521108206
42.407962148488444
41.865662013144465
42.61335353898569
42.33843405222147
42.532627315866634
42.03333456063095
41.40394717868418
42.504410907732854
42.960166533643324
42.19877588164924
42.031448410717395
41.93410487020046
41.874920342349505
41.87379933503856
42.564757258424045
42.87627580559652
41.81376866631224
41.76491429280028
41.781002521108206
42.407962148488444
41.865662013144465
42.61335353898569
42.33843405222147
42.532627315866634
42.03333456063095
41.40394717868418
42.504410907732854
42.960166533643324
42.19877588164924
42.031448410717395
41.93410487020046
41.874920342349505
41.87379933503856
42.564757258424045
42.87627580559652
41.81376866631224
41.76491429280028
41.781002521108206
42.407962148488444
41.865662013144465
42.61335353898569
42.33843405222147
42.532627315866634
42.03333456063095
41.40394717868418
42.504410907732854
42.960166533643324
42.19877588164924
42.031448410717395
41.93410487020046
41.874920342349505
41.87379933503856
42.564757258424045
42.87627580559652
41.81376866631224
41.76491429280028
41.781002521108206
42.407962148488444
41.865662013144465
42.61335353898569
42.33843405222147
42.532627315866634
42.03333456063095
41.40394717868418
42.504410907732854
42.960166533643324
42.19877588164924
42.031448410717395
41.93410487020046
41.874920342349505
41.87379933503856
42.564757258424045
42.87627580559652
41.81376866631224
41.76491429280028
41.781002521108206
42.407962148488444
41.865662013144465
42.61335353898569
42.33843405222147
42.532627315866634
42.03333456063095
41.40394717868418
42.504410907732854
42.960166533643324
42.19877588164924
42.031448410717395
41.93410487020046
41.874920342349505
41.87379933503856
42.564757258424045
42.87627580559652
41.81376866631224
41.76491429280028
41.781002521108206
42.407962148488444
41.865662013144465
42.61335353898569
42.33843405222147
42.532627315866634
42.03333456063095
41.40394717868418
42.504410907732854
42.960166533643324
42.19877588164924
42.031448410717395
41.93410487020046
41.874920342349505
41.87379933503856
42.564757258424045
42.87627580559652
41.81376866631224
41.76491429280028
41.781002521108206
42.407962148488444
41.865662013144465
42.61335353898569
42.33843405222147
42.532627315866634
42.03333456063095
41.40394717868418
42.504410907732854
42.960166533643324
42.19877588164924
42.031448410717395
41.93410487020046
41.874920342349505
41.87379933503856
42.564757258424045
42.87627580559652
41.81376866631224
41.76491429280028
41.781002521108206
42.407962148488444
41.865662013144465
42.61335353898569
42.33843405222147
42.532627315866634
42.03333456063095
41.40394717868418
42.504410907732854
42.960166533643324
42.19877588164924
42.031448410717395
41.93410487020046
41.874920342349505
41.87379933503856
42.564757258424045
42.87627580559652
41.81376866631224
41.76491429280028
41.781002521108206
42.407962148488444
41.865662013144465
42.61335353898569
42.33843405222147
42.532627315866634
42.03333456063095
41.40394717868418
42.504410907732854
42.960166533643324
42.19877588164924
42.031448410717395
41.93410487020046
41.874920342349505
41.87379933503856
42.564757258424045
42.87627580559652
41.81376866631224
41.76491429280028
41.781002521108206
42.407962148488444
41.865662013144465
42.61335353898569
42.33843405222147
42.532627315866634
42.03333456063095
41.40394717868418
42.504410907732854
42.960166533643324
42.19877588164924
42.031448410717395
41.93410487020046
41.874920342349505
41.87379933503856
42.564757258424045
42.87627580559652
41.81376866631224
41.76491429280028
41.781002521108206
42.407962148488444
41.865662013144465
42.61335353898569
42.33843405222147
42.532627315866634
42.03333456063095
41.40394717868418
42.504410907732854
42.960166533643324
42.19877588164924
42.031448410717395
41.93410487020046
41.874920342349505
41.87379933503856
42.564757258424045
42.87627580559652
41.81376866631224
41.76491429280028
41.781002521108206
42.407962148488444
41.865662013144465
42.61335353898569
42.33843405222147
42.532627315866634
42.03333456063095
41.40394717868418
42.504410907732854
42.960166533643324
42.19877588164924
42.031448410717395
41.93410487020046
41.874920342349505
41.87379933503856
42.564757258424045
42.87627580559652
41.81376866631224
41.76491429280028
41.781002521108206
42.407962148488444
41.865662013144465
42.61335353898569
42.33843405222147
42.532627315866634
42.03333456063095
41.40394717868418
42.504410907732854
42.960166533643324
42.19877588164924
42.031448410717395
41.93410487020046
41.874920342349505
41.87379933503856
42.564757258424045
42.87627580559652
41.81376866631224
41.76491429280028
41.781002521108206
42.407962148488444
41.865662013144465
42.61335353898569
42.33843405222147
42.532627315866634
42.03333456063095
41.40394717868418
42.504410907732854
42.960166533643324
42.19877588164924
42.031448410717395
41.93410487020046
41.874920342349505
41.87379933503856
42.564757258424045
42.87627580559652
41.81376866631224
41.76491429280028
41.781002521108206
42.407962148488444
41.865662013144465
42.61335353898569
42.33843405222147
42.532627315866634
42.03333456063095
41.40394717868418
42.504410907732854
42.960166533643324
42.19877588164924
42.031448410717395
41.93410487020046
41.874920342349505
41.87379933503856
42.564757258424045
42.87627580559652
41.81376866631224
41.76491429280028
41.781002521108206
42.407962148488444
41.865662013144465
42.61335353898569
42.33843405222147
42.532627315866634
42.03333456063095
41.40394717868418
42.504410907732854
42.960166533643324
42.19877588164924
42.031448410717395
41.93410487020046
41.874920342349505
41.87379933503856
42.564757258424045
42.87627580559652
41.81376866631224
41.76491429280028
41.781002521108206
42.407962148488444
41.865662013144465
42.61335353898569
42.33843405222147
42.532627315866634
42.03333456063095
41.40394717868418
42.504410907732854
42.960166533643324
42.19877588164924
42.031448410717395
41.93410487020046
41.874920342349505
41.87379933503856
42.564757258424045
42.87627580559652
41.81376866631224
41.76491429280028
41.781002521108206
42.407962148488444
41.865662013144465
42.61335353898569
42.33843405222147
42.532627315866634
42.03333456063095
41.40394717868418
42.504410907732854
42.960166533643324
42.19877588164924
42.031448410717395
41.93410487020046
41.874920342349505
41.87379933503856
42.564757258424045
42.87627580559652
41.81376866631224
41.76491429280028
41.781002521108206
42.407962148488444
41.865662013144465
42.61335353898569
42.33843405222147
42.532627315866634
42.03333456063095
41.40394717868418
42.504410907732854
42.960166533643324
42.19877588164924
42.031448410717395
41.93410487020046
41.874920342349505
41.87379933503856
42.564757258424045
42.87627580559652
41.81376866631224
41.76491429280028
41.781002521108206
42.407962148488444
41.865662013144465
42.61335353898569
42.33843405222147
42.532627315866634
42.03333456063095
41.40394717868418
42.504410907732854
42.960166533643324
42.19877588164924
42.031448410717395
41.93410487020046
41.874920342349505
41.87379933503856
42.564757258424045
42.87627580559652
41.81376866631224
41.76491429280028
41.781002521108206
42.407962148488444
41.865662013144465
42.61335353898569
42.33843405222147
42.532627315866634
42.03333456063095
41.40394717868418
42.504410907732854
42.960166533643324
42.19877588164924
42.031448410717395
41.93410487020046
41.874920342349505
41.87379933503856
42.564757258424045
42.87627580559652
41.81376866631224
41.76491429280028
41.781002521108206
42.407962148488444
41.865662013144465
42.61335353898569
42.33843405222147
42.532627315866634
42.03333456063095
41.40394717868418
42.504410907732854
42.960166533643324
42.19877588164924
42.031448410717395
41.93410487020046
41.874920342349505
41.87379933503856
42.564757258424045
42.87627580559652
41.81376866631224
41.76491429280028
41.781002521108206
42.407962148488444
41.865662013144465
42.61335353898569
42.33843405222147
42.532627315866634
42.03333456063095
41.40394717868418
42.504410907732854
42.960166533643324
42.19877588164924
42.031448410717395
41.93410487020046
41.874920342349505
41.87379933503856
42.564757258424045
42.87627580559652
41.81376866631224
41.76491429280028
41.781002521108206
42.407962148488444
41.865662013144465
42.61335353898569
42.33843405222147
42.532627315866634
42.03333456063095
41.40394717868418
42.504410907732854
42.960166533643324
42.19877588164924
42.031448410717395
41.93410487020046
41.874920342349505
41.87379933503856
42.564757258424045
42.87627580559652
41.81376866631224
41.76491429280028
41.781002521108206
42.407962148488444
41.865662013144465
42.61335353898569
42.33843405222147
42.532627315866634
42.03333456063095
41.40394717868418
42.504410907732854
42.960166533643324
42.19877588164924
42.031448410717395
41.93410487020046
41.874920342349505
41.87379933503856
30.562442354460835
30.080136276603984
29.872154610435203
28.113574038034983
28.877168237340143
28.80054854869789
28.52851639591829
28.906363354085297
28.781012183703123
27.992316514330273
28.15706269666854
27.776061395639815
27.138834677720297
30.988325206785664
29.316181290790944
28.907458977238118
30.565860693782565
29.595038183564505
29.528395285119128
28.591571397493144
28.06174171137826
28.990813584697964
28.258717930545714
27.919901438887894
27.971061858377908
28.33027275892954
31.319388408687374
29.221001468147264
28.32147305140107
30.438107040140093
27.55399337038502
29.29383818688855
31.76083194389771
28.015917432571744
27.155267201747872
31.30656967458837
29.137830222197515
27.96170354325553
28.966827226177504
28.42104993000936
29.339228105110553
26.530180071760913
28.79342992864428
27.453612105498074
28.301338427365717
27.40376236168426
25.86775680026825
42.564757258424045
42.87627580559652
41.81376866631224
41.76491429280028
41.781002521108206
42.407962148488444
41.865662013144465
42.61335353898569
42.33843405222147
42.532627315866634
42.03333456063095
41.40394717868418
42.504410907732854
42.960166533643324
42.19877588164924
42.031448410717395
41.93410487020046
41.874920342349505
41.87379933503856
42.564757258424045
42.87627580559652
41.81376866631224
41.76491429280028
41.781002521108206
42.407962148488444
41.865662013144465
42.61335353898569
42.33843405222147
42.532627315866634
42.03333456063095
41.40394717868418
42.504410907732854
42.960166533643324
42.19877588164924
42.031448410717395
41.93410487020046
41.874920342349505
41.87379933503856
42.564757258424045
42.87627580559652
41.81376866631224
41.76491429280028
41.781002521108206
42.407962148488444
41.865662013144465
42.61335353898569
42.33843405222147
42.532627315866634
42.03333456063095
41.40394717868418
42.504410907732854
42.960166533643324
42.19877588164924
42.031448410717395
41.93410487020046
41.874920342349505
41.87379933503856
0.31962843866661383
1.7782633687496416
0.044066333530544975
5.9360531561089624
14.332033953518955
0.43964347097320106
2.2704672752446173
30.87999708085547
1.3049399133491497
0.8553198848390842
1.2412039980806664
2.7649735248629477
5.3749650666394055
2.3425970998869987
5.577156667113508
9.280604794267502
1.6960435503636981
4.96592672605373
7.644222475443893
4.447039124157349
20.32862159834482
24.17591332384776
18.70563967516122
3.061379403560974
42.564757258424045
42.87627580559652
41.81376866631224
41.76491429280028
41.781002521108206
42.407962148488444
41.865662013144465
42.61335353898569
42.33843405222147
42.532627315866634
42.03333456063095
41.40394717868418
42.504410907732854
42.960166533643324
42.19877588164924
42.031448410717395
41.93410487020046
41.874920342349505
41.87379933503856
42.564757258424045
42.87627580559652
41.81376866631224
41.76491429280028
41.781002521108206
42.407962148488444
41.865662013144465
42.61335353898569
42.33843405222147
42.532627315866634
42.03333456063095
41.40394717868418
42.504410907732854
42.960166533643324
42.19877588164924
42.031448410717395
41.93410487020046
41.874920342349505
41.87379933503856
42.564757258424045
42.87627580559652
41.81376866631224
41.76491429280028
41.781002521108206
42.407962148488444
41.865662013144465
42.61335353898569
42.33843405222147
42.532627315866634
42.03333456063095
41.40394717868418
42.504410907732854
42.960166533643324
42.19877588164924
42.031448410717395
41.93410487020046
41.874920342349505
41.87379933503856
42.564757258424045
42.87627580559652
41.81376866631224
41.76491429280028
41.781002521108206
42.407962148488444
41.865662013144465
42.61335353898569
42.33843405222147
42.532627315866634
42.03333456063095
41.40394717868418
42.504410907732854
42.960166533643324
42.19877588164924
42.031448410717395
41.93410487020046
41.874920342349505
41.87379933503856
42.564757258424045
42.87627580559652
41.81376866631224
41.76491429280028
41.781002521108206
42.407962148488444
41.865662013144465
42.61335353898569
42.33843405222147
42.532627315866634
42.03333456063095
41.40394717868418
42.504410907732854
42.960166533643324
42.19877588164924
42.031448410717395
41.93410487020046
41.874920342349505
41.87379933503856
42.564757258424045
42.87627580559652
41.81376866631224
41.76491429280028
41.781002521108206
42.407962148488444
41.865662013144465
42.61335353898569
42.33843405222147
42.532627315866634
42.03333456063095
41.40394717868418
42.504410907732854
42.960166533643324
42.19877588164924
42.031448410717395
41.93410487020046
41.874920342349505
41.87379933503856
42.564757258424045
42.87627580559652
41.81376866631224
41.76491429280028
41.781002521108206
42.407962148488444
41.865662013144465
42.61335353898569
42.33843405222147
42.532627315866634
42.03333456063095
41.40394717868418
42.504410907732854
42.960166533643324
42.19877588164924
42.031448410717395
41.93410487020046
41.874920342349505
41.87379933503856
42.564757258424045
42.87627580559652
41.81376866631224
41.76491429280028
41.781002521108206
42.407962148488444
41.865662013144465
42.61335353898569
42.33843405222147
42.532627315866634
42.03333456063095
41.40394717868418
42.504410907732854
42.960166533643324
42.19877588164924
42.031448410717395
41.93410487020046
41.874920342349505
41.87379933503856
42.564757258424045
42.87627580559652
41.81376866631224
41.76491429280028
41.781002521108206
42.407962148488444
41.865662013144465
42.61335353898569
42.33843405222147
42.532627315866634
42.03333456063095
41.40394717868418
42.504410907732854
42.960166533643324
42.19877588164924
42.031448410717395
41.93410487020046
41.874920342349505
41.87379933503856
42.564757258424045
42.87627580559652
41.81376866631224
41.76491429280028
41.781002521108206
42.407962148488444
41.865662013144465
42.61335353898569
42.33843405222147
42.532627315866634
42.03333456063095
41.40394717868418
42.504410907732854
42.960166533643324
42.19877588164924
42.031448410717395
41.93410487020046
41.874920342349505
41.87379933503856
42.564757258424045
42.87627580559652
41.81376866631224
41.76491429280028
41.781002521108206
42.407962148488444
41.865662013144465
42.61335353898569
42.33843405222147
42.532627315866634
42.03333456063095
41.40394717868418
42.504410907732854
42.960166533643324
42.19877588164924
42.031448410717395
41.93410487020046
41.874920342349505
41.87379933503856
42.564757258424045
42.87627580559652
41.81376866631224
41.76491429280028
41.781002521108206
42.407962148488444
41.865662013144465
42.61335353898569
42.33843405222147
42.532627315866634
42.03333456063095
41.40394717868418
42.504410907732854
42.960166533643324
42.19877588164924
42.031448410717395
41.93410487020046
41.874920342349505
41.87379933503856
42.564757258424045
42.87627580559652
41.81376866631224
41.76491429280028
41.781002521108206
42.407962148488444
41.865662013144465
42.61335353898569
42.33843405222147
42.532627315866634
42.03333456063095
41.40394717868418
42.504410907732854
42.960166533643324
42.19877588164924
42.031448410717395
41.93410487020046
41.874920342349505
41.87379933503856
42.564757258424045
42.87627580559652
41.81376866631224
41.76491429280028
41.781002521108206
42.407962148488444
41.865662013144465
42.61335353898569
42.33843405222147
42.532627315866634
42.03333456063095
41.40394717868418
42.504410907732854
42.960166533643324
42.19877588164924
42.031448410717395
41.93410487020046
41.874920342349505
41.87379933503856
42.564757258424045
42.87627580559652
41.81376866631224
41.76491429280028
41.781002521108206
42.407962148488444
41.865662013144465
42.61335353898569
42.33843405222147
42.532627315866634
42.03333456063095
41.40394717868418
42.504410907732854
42.960166533643324
42.19877588164924
42.031448410717395
41.93410487020046
41.874920342349505
41.87379933503856
42.564757258424045
42.87627580559652
41.81376866631224
41.76491429280028
41.781002521108206
42.407962148488444
41.865662013144465
42.61335353898569
42.33843405222147
42.532627315866634
42.03333456063095
41.40394717868418
42.504410907732854
42.960166533643324
42.19877588164924
42.031448410717395
41.93410487020046
41.874920342349505
41.87379933503856
42.564757258424045
42.87627580559652
41.81376866631224
41.76491429280028
41.781002521108206
42.407962148488444
41.865662013144465
42.61335353898569
42.33843405222147
42.532627315866634
42.03333456063095
41.40394717868418
42.504410907732854
42.960166533643324
42.19877588164924
42.031448410717395
41.93410487020046
41.874920342349505
41.87379933503856
42.564757258424045
42.87627580559652
41.81376866631224
41.76491429280028
41.781002521108206
42.407962148488444
41.865662013144465
42.61335353898569
42.33843405222147
42.532627315866634
42.03333456063095
41.40394717868418
42.504410907732854
42.960166533643324
42.19877588164924
42.031448410717395
41.93410487020046
41.874920342349505
41.87379933503856
42.564757258424045
42.87627580559652
41.81376866631224
41.76491429280028
41.781002521108206
42.407962148488444
41.865662013144465
42.61335353898569
42.33843405222147
42.532627315866634
42.03333456063095
41.40394717868418
42.504410907732854
42.960166533643324
42.19877588164924
42.031448410717395
41.93410487020046
41.874920342349505
41.87379933503856
42.564757258424045
42.87627580559652
41.81376866631224
41.76491429280028
41.781002521108206
42.407962148488444
41.865662013144465
42.61335353898569
42.33843405222147
42.532627315866634
42.03333456063095
41.40394717868418
42.504410907732854
42.960166533643324
42.19877588164924
42.031448410717395
41.93410487020046
41.874920342349505
41.87379933503856
42.564757258424045
42.87627580559652
41.81376866631224
41.76491429280028
41.781002521108206
42.407962148488444
41.865662013144465
42.61335353898569
42.33843405222147
42.532627315866634
42.03333456063095
41.40394717868418
42.504410907732854
42.960166533643324
42.19877588164924
42.031448410717395
41.93410487020046
41.874920342349505
41.87379933503856
42.564757258424045
42.87627580559652
41.81376866631224
41.76491429280028
41.781002521108206
42.407962148488444
41.865662013144465
42.61335353898569
42.33843405222147
42.532627315866634
42.03333456063095
41.40394717868418
42.504410907732854
42.960166533643324
42.19877588164924
42.031448410717395
41.93410487020046
41.874920342349505
41.87379933503856
42.564757258424045
42.87627580559652
41.81376866631224
41.76491429280028
41.781002521108206
42.407962148488444
41.865662013144465
42.61335353898569
42.33843405222147
42.532627315866634
42.03333456063095
41.40394717868418
42.504410907732854
42.960166533643324
42.19877588164924
42.031448410717395
41.93410487020046
41.874920342349505
41.87379933503856
42.564757258424045
42.87627580559652
41.81376866631224
41.76491429280028
41.781002521108206
42.407962148488444
41.865662013144465
42.61335353898569
42.33843405222147
42.532627315866634
42.03333456063095
41.40394717868418
42.504410907732854
42.960166533643324
42.19877588164924
42.031448410717395
41.93410487020046
41.874920342349505
41.87379933503856
42.564757258424045
42.87627580559652
41.81376866631224
41.76491429280028
41.781002521108206
42.407962148488444
41.865662013144465
42.61335353898569
42.33843405222147
42.532627315866634
42.03333456063095
41.40394717868418
42.504410907732854
42.960166533643324
42.19877588164924
42.031448410717395
41.93410487020046
41.874920342349505
41.87379933503856
42.564757258424045
42.87627580559652
41.81376866631224
41.76491429280028
41.781002521108206
42.407962148488444
41.865662013144465
42.61335353898569
42.33843405222147
42.532627315866634
42.03333456063095
41.40394717868418
42.504410907732854
42.960166533643324
42.19877588164924
42.031448410717395
41.93410487020046
41.874920342349505
41.87379933503856
42.564757258424045
42.87627580559652
41.81376866631224
41.76491429280028
41.781002521108206
42.407962148488444
41.865662013144465
42.61335353898569
42.33843405222147
42.532627315866634
42.03333456063095
41.40394717868418
42.504410907732854
42.960166533643324
42.19877588164924
42.031448410717395
41.93410487020046
41.874920342349505
41.87379933503856
42.564757258424045
42.87627580559652
41.81376866631224
41.76491429280028
41.781002521108206
42.407962148488444
41.865662013144465
42.61335353898569
42.33843405222147
42.532627315866634
42.03333456063095
41.40394717868418
42.504410907732854
42.960166533643324
42.19877588164924
42.031448410717395
41.93410487020046
41.874920342349505
41.87379933503856
42.564757258424045
42.87627580559652
41.81376866631224
41.76491429280028
41.781002521108206
42.407962148488444
41.865662013144465
42.61335353898569
42.33843405222147
42.532627315866634
42.03333456063095
41.40394717868418
42.504410907732854
42.960166533643324
42.19877588164924
42.031448410717395
41.93410487020046
41.874920342349505
41.87379933503856
42.564757258424045
42.87627580559652
41.81376866631224
41.76491429280028
41.781002521108206
42.407962148488444
41.865662013144465
42.61335353898569
42.33843405222147
42.532627315866634
42.03333456063095
41.40394717868418
42.504410907732854
42.960166533643324
42.19877588164924
42.031448410717395
41.93410487020046
41.874920342349505
41.87379933503856
42.564757258424045
42.87627580559652
41.81376866631224
41.76491429280028
41.781002521108206
42.407962148488444
41.865662013144465
42.61335353898569
42.33843405222147
42.532627315866634
42.03333456063095
41.40394717868418
42.504410907732854
42.960166533643324
42.19877588164924
42.031448410717395
41.93410487020046
41.874920342349505
41.87379933503856
42.564757258424045
42.87627580559652
41.81376866631224
41.76491429280028
41.781002521108206
42.407962148488444
41.865662013144465
42.61335353898569
42.33843405222147
42.532627315866634
42.03333456063095
41.40394717868418
42.504410907732854
42.960166533643324
42.19877588164924
42.031448410717395
41.93410487020046
41.874920342349505
41.87379933503856
42.564757258424045
42.87627580559652
41.81376866631224
41.76491429280028
41.781002521108206
42.407962148488444
41.865662013144465
42.61335353898569
42.33843405222147
42.532627315866634
42.03333456063095
41.40394717868418
42.504410907732854
42.960166533643324
42.19877588164924
42.031448410717395
41.93410487020046
41.874920342349505
41.87379933503856
42.564757258424045
42.87627580559652
41.81376866631224
41.76491429280028
41.781002521108206
42.407962148488444
41.865662013144465
42.61335353898569
42.33843405222147
42.532627315866634
42.03333456063095
41.40394717868418
42.504410907732854
42.960166533643324
42.19877588164924
42.031448410717395
41.93410487020046
41.874920342349505
41.87379933503856
42.564757258424045
42.87627580559652
41.81376866631224
41.76491429280028
41.781002521108206
42.407962148488444
41.865662013144465
42.61335353898569
42.33843405222147
42.532627315866634
42.03333456063095
41.40394717868418
42.504410907732854
42.960166533643324
42.19877588164924
42.031448410717395
41.93410487020046
41.874920342349505
41.87379933503856
42.564757258424045
42.87627580559652
41.81376866631224
41.76491429280028
41.781002521108206
42.407962148488444
41.865662013144465
42.61335353898569
42.33843405222147
42.532627315866634
42.03333456063095
41.40394717868418
42.504410907732854
42.960166533643324
42.19877588164924
42.031448410717395
41.93410487020046
41.874920342349505
41.87379933503856
42.564757258424045
42.87627580559652
41.81376866631224
41.76491429280028
41.781002521108206
42.407962148488444
41.865662013144465
42.61335353898569
42.33843405222147
42.532627315866634
42.03333456063095
41.40394717868418
42.504410907732854
42.960166533643324
42.19877588164924
42.031448410717395
41.93410487020046
41.874920342349505
41.87379933503856
42.564757258424045
42.87627580559652
41.81376866631224
41.76491429280028
41.781002521108206
42.407962148488444
41.865662013144465
42.61335353898569
42.33843405222147
42.532627315866634
42.03333456063095
41.40394717868418
42.504410907732854
42.960166533643324
42.19877588164924
42.031448410717395
41.93410487020046
41.874920342349505
41.87379933503856
42.564757258424045
42.87627580559652
41.81376866631224
41.76491429280028
41.781002521108206
42.407962148488444
41.865662013144465
42.61335353898569
42.33843405222147
42.532627315866634
42.03333456063095
41.40394717868418
42.504410907732854
42.960166533643324
42.19877588164924
42.031448410717395
41.93410487020046
41.874920342349505
41.87379933503856
42.564757258424045
42.87627580559652
41.81376866631224
41.76491429280028
41.781002521108206
42.407962148488444
41.865662013144465
42.61335353898569
42.33843405222147
42.532627315866634
42.03333456063095
41.40394717868418
42.504410907732854
42.960166533643324
42.19877588164924
42.031448410717395
41.93410487020046
41.874920342349505
41.87379933503856
42.564757258424045
42.87627580559652
41.81376866631224
41.76491429280028
41.781002521108206
42.407962148488444
41.865662013144465
42.61335353898569
42.33843405222147
42.532627315866634
42.03333456063095
41.40394717868418
42.504410907732854
42.960166533643324
42.19877588164924
42.031448410717395
41.93410487020046
41.874920342349505
41.87379933503856
42.564757258424045
42.87627580559652
41.81376866631224
41.76491429280028
41.781002521108206
42.407962148488444
41.865662013144465
42.61335353898569
42.33843405222147
42.532627315866634
42.03333456063095
41.40394717868418
42.504410907732854
42.960166533643324
42.19877588164924
42.031448410717395
41.93410487020046
41.874920342349505
41.87379933503856
42.564757258424045
42.87627580559652
41.81376866631224
41.76491429280028
41.781002521108206
42.407962148488444
41.865662013144465
42.61335353898569
42.33843405222147
42.532627315866634
42.03333456063095
41.40394717868418
42.504410907732854
42.960166533643324
42.19877588164924
42.031448410717395
41.93410487020046
41.874920342349505
41.87379933503856
42.564757258424045
42.87627580559652
41.81376866631224
41.76491429280028
41.781002521108206
42.407962148488444
41.865662013144465
42.61335353898569
42.33843405222147
42.532627315866634
42.03333456063095
41.40394717868418
42.504410907732854
42.960166533643324
42.19877588164924
42.031448410717395
41.93410487020046
41.874920342349505
41.87379933503856
42.564757258424045
42.87627580559652
41.81376866631224
41.76491429280028
41.781002521108206
42.407962148488444
41.865662013144465
42.61335353898569
42.33843405222147
42.532627315866634
42.03333456063095
41.40394717868418
42.504410907732854
42.960166533643324
42.19877588164924
42.031448410717395
41.93410487020046
41.874920342349505
41.87379933503856
42.564757258424045
42.87627580559652
41.81376866631224
41.76491429280028
41.781002521108206
42.407962148488444
41.865662013144465
42.61335353898569
42.33843405222147
42.532627315866634
42.03333456063095
41.40394717868418
42.504410907732854
42.960166533643324
42.19877588164924
42.031448410717395
41.93410487020046
41.874920342349505
41.87379933503856
42.564757258424045
42.87627580559652
41.81376866631224
41.76491429280028
41.781002521108206
42.407962148488444
41.865662013144465
42.61335353898569
42.33843405222147
42.532627315866634
42.03333456063095
41.40394717868418
42.504410907732854
42.960166533643324
42.19877588164924
42.031448410717395
41.93410487020046
41.874920342349505
41.87379933503856
42.564757258424045
42.87627580559652
41.81376866631224
41.76491429280028
41.781002521108206
42.407962148488444
41.865662013144465
42.61335353898569
42.33843405222147
42.532627315866634
42.03333456063095
41.40394717868418
42.504410907732854
42.960166533643324
42.19877588164924
42.031448410717395
41.93410487020046
41.874920342349505
41.87379933503856
42.564757258424045
42.87627580559652
41.81376866631224
41.76491429280028
41.781002521108206
42.407962148488444
41.865662013144465
42.61335353898569
42.33843405222147
42.532627315866634
42.03333456063095
41.40394717868418
42.504410907732854
42.960166533643324
42.19877588164924
42.031448410717395
41.93410487020046
41.874920342349505
41.87379933503856
42.564757258424045
42.87627580559652
41.81376866631224
41.76491429280028
41.781002521108206
42.407962148488444
41.865662013144465
42.61335353898569
42.33843405222147
42.532627315866634
42.03333456063095
41.40394717868418
42.504410907732854
42.960166533643324
42.19877588164924
42.031448410717395
41.93410487020046
41.874920342349505
41.87379933503856
42.564757258424045
42.87627580559652
41.81376866631224
41.76491429280028
41.781002521108206
42.407962148488444
41.865662013144465
42.61335353898569
42.33843405222147
42.532627315866634
42.03333456063095
41.40394717868418
42.504410907732854
42.960166533643324
42.19877588164924
42.031448410717395
41.93410487020046
41.874920342349505
41.87379933503856
42.564757258424045
42.87627580559652
41.81376866631224
41.76491429280028
41.781002521108206
42.407962148488444
41.865662013144465
42.61335353898569
42.33843405222147
42.532627315866634
42.03333456063095
41.40394717868418
42.504410907732854
42.960166533643324
42.19877588164924
42.031448410717395
41.93410487020046
41.874920342349505
41.87379933503856
42.564757258424045
42.87627580559652
41.81376866631224
41.76491429280028
41.781002521108206
42.407962148488444
41.865662013144465
42.61335353898569
42.33843405222147
42.532627315866634
42.03333456063095
41.40394717868418
42.504410907732854
42.960166533643324
42.19877588164924
42.031448410717395
41.93410487020046
41.874920342349505
41.87379933503856
42.564757258424045
42.87627580559652
41.81376866631224
41.76491429280028
41.781002521108206
42.407962148488444
41.865662013144465
42.61335353898569
42.33843405222147
42.532627315866634
42.03333456063095
41.40394717868418
42.504410907732854
42.960166533643324
42.19877588164924
42.031448410717395
41.93410487020046
41.874920342349505
41.87379933503856
42.564757258424045
42.87627580559652
41.81376866631224
41.76491429280028
41.781002521108206
42.407962148488444
41.865662013144465
42.61335353898569
42.33843405222147
42.532627315866634
42.03333456063095
41.40394717868418
42.504410907732854
42.960166533643324
42.19877588164924
42.031448410717395
41.93410487020046
41.874920342349505
41.87379933503856
42.564757258424045
42.87627580559652
41.81376866631224
41.76491429280028
41.781002521108206
42.407962148488444
41.865662013144465
42.61335353898569
42.33843405222147
42.532627315866634
42.03333456063095
41.40394717868418
42.504410907732854
42.960166533643324
42.19877588164924
42.031448410717395
41.93410487020046
41.874920342349505
41.87379933503856
42.564757258424045
42.87627580559652
41.81376866631224
41.76491429280028
41.781002521108206
42.407962148488444
41.865662013144465
42.61335353898569
42.33843405222147
42.532627315866634
42.03333456063095
41.40394717868418
42.504410907732854
42.960166533643324
42.19877588164924
42.031448410717395
41.93410487020046
41.874920342349505
41.87379933503856
42.564757258424045
42.87627580559652
41.81376866631224
41.76491429280028
41.781002521108206
42.407962148488444
41.865662013144465
42.61335353898569
42.33843405222147
42.532627315866634
42.03333456063095
41.40394717868418
42.504410907732854
42.960166533643324
42.19877588164924
42.031448410717395
41.93410487020046
41.874920342349505
41.87379933503856
42.564757258424045
42.87627580559652
41.81376866631224
41.76491429280028
41.781002521108206
42.407962148488444
41.865662013144465
42.61335353898569
42.33843405222147
42.532627315866634
42.03333456063095
41.40394717868418
42.504410907732854
42.960166533643324
42.19877588164924
42.031448410717395
41.93410487020046
41.874920342349505
41.87379933503856
42.564757258424045
42.87627580559652
41.81376866631224
41.76491429280028
41.781002521108206
42.407962148488444
41.865662013144465
42.61335353898569
42.33843405222147
42.532627315866634
42.03333456063095
41.40394717868418
42.504410907732854
42.960166533643324
42.19877588164924
42.031448410717395
41.93410487020046
41.874920342349505
41.87379933503856
42.564757258424045
42.87627580559652
41.81376866631224
41.76491429280028
41.781002521108206
42.407962148488444
41.865662013144465
42.61335353898569
42.33843405222147
42.532627315866634
42.03333456063095
41.40394717868418
42.504410907732854
42.960166533643324
42.19877588164924
42.031448410717395
41.93410487020046
41.874920342349505
41.87379933503856
42.564757258424045
42.87627580559652
41.81376866631224
41.76491429280028
41.781002521108206
42.407962148488444
41.865662013144465
42.61335353898569
42.33843405222147
42.532627315866634
42.03333456063095
41.40394717868418
42.504410907732854
42.960166533643324
42.19877588164924
42.031448410717395
41.93410487020046
41.874920342349505
41.87379933503856
42.564757258424045
42.87627580559652
41.81376866631224
41.76491429280028
41.781002521108206
42.407962148488444
41.865662013144465
42.61335353898569
42.33843405222147
42.532627315866634
42.03333456063095
41.40394717868418
42.504410907732854
42.960166533643324
42.19877588164924
42.031448410717395
41.93410487020046
41.874920342349505
41.87379933503856
42.564757258424045
42.87627580559652
41.81376866631224
41.76491429280028
41.781002521108206
42.407962148488444
41.865662013144465
42.61335353898569
42.33843405222147
42.532627315866634
42.03333456063095
41.40394717868418
42.504410907732854
42.960166533643324
42.19877588164924
42.031448410717395
41.93410487020046
41.874920342349505
41.87379933503856
42.564757258424045
42.87627580559652
41.81376866631224
41.76491429280028
41.781002521108206
42.407962148488444
41.865662013144465
42.61335353898569
42.33843405222147
42.532627315866634
42.03333456063095
41.40394717868418
42.504410907732854
42.960166533643324
42.19877588164924
42.031448410717395
41.93410487020046
41.874920342349505
41.87379933503856
42.564757258424045
42.87627580559652
41.81376866631224
41.76491429280028
41.781002521108206
42.407962148488444
41.865662013144465
42.61335353898569
42.33843405222147
42.532627315866634
42.03333456063095
41.40394717868418
42.504410907732854
42.960166533643324
42.19877588164924
42.031448410717395
41.93410487020046
41.874920342349505
41.87379933503856
42.564757258424045
42.87627580559652
41.81376866631224
41.76491429280028
41.781002521108206
42.407962148488444
41.865662013144465
42.61335353898569
42.33843405222147
42.532627315866634
42.03333456063095
41.40394717868418
42.504410907732854
42.960166533643324
42.19877588164924
42.031448410717395
41.93410487020046
41.874920342349505
41.87379933503856
42.564757258424045
42.87627580559652
41.81376866631224
41.76491429280028
41.781002521108206
42.407962148488444
41.865662013144465
42.61335353898569
42.33843405222147
42.532627315866634
42.03333456063095
41.40394717868418
42.504410907732854
42.960166533643324
42.19877588164924
42.031448410717395
41.93410487020046
41.874920342349505
41.87379933503856
42.564757258424045
42.87627580559652
41.81376866631224
41.76491429280028
41.781002521108206
42.407962148488444
41.865662013144465
42.61335353898569
42.33843405222147
42.532627315866634
42.03333456063095
41.40394717868418
42.504410907732854
42.960166533643324
42.19877588164924
42.031448410717395
41.93410487020046
41.874920342349505
41.87379933503856
42.564757258424045
42.87627580559652
41.81376866631224
41.76491429280028
41.781002521108206
42.407962148488444
41.865662013144465
42.61335353898569
42.33843405222147
42.532627315866634
42.03333456063095
41.40394717868418
42.504410907732854
42.960166533643324
42.19877588164924
42.031448410717395
41.93410487020046
41.874920342349505
41.87379933503856
42.564757258424045
42.87627580559652
41.81376866631224
41.76491429280028
41.781002521108206
42.407962148488444
41.865662013144465
42.61335353898569
42.33843405222147
42.532627315866634
42.03333456063095
41.40394717868418
42.504410907732854
42.960166533643324
42.19877588164924
42.031448410717395
41.93410487020046
41.874920342349505
41.87379933503856
42.564757258424045
42.87627580559652
41.81376866631224
41.76491429280028
41.781002521108206
42.407962148488444
41.865662013144465
42.61335353898569
42.33843405222147
42.532627315866634
42.03333456063095
41.40394717868418
42.504410907732854
42.960166533643324
42.19877588164924
42.031448410717395
41.93410487020046
41.874920342349505
41.87379933503856
42.564757258424045
42.87627580559652
41.81376866631224
41.76491429280028
41.781002521108206
42.407962148488444
41.865662013144465
42.61335353898569
42.33843405222147
42.532627315866634
42.03333456063095
41.40394717868418
42.504410907732854
42.960166533643324
42.19877588164924
42.031448410717395
41.93410487020046
41.874920342349505
41.87379933503856
42.564757258424045
42.87627580559652
41.81376866631224
41.76491429280028
41.781002521108206
42.407962148488444
41.865662013144465
42.61335353898569
42.33843405222147
42.532627315866634
42.03333456063095
41.40394717868418
42.504410907732854
42.960166533643324
42.19877588164924
42.031448410717395
41.93410487020046
41.874920342349505
41.87379933503856
42.564757258424045
42.87627580559652
41.81376866631224
41.76491429280028
41.781002521108206
42.407962148488444
41.865662013144465
42.61335353898569
42.33843405222147
42.532627315866634
42.03333456063095
41.40394717868418
42.504410907732854
42.960166533643324
42.19877588164924
42.031448410717395
41.93410487020046
41.874920342349505
41.87379933503856
42.564757258424045
42.87627580559652
41.81376866631224
41.76491429280028
41.781002521108206
42.407962148488444
41.865662013144465
42.61335353898569
42.33843405222147
42.532627315866634
42.03333456063095
41.40394717868418
42.504410907732854
42.960166533643324
42.19877588164924
42.031448410717395
41.93410487020046
41.874920342349505
41.87379933503856
42.564757258424045
42.87627580559652
41.81376866631224
41.76491429280028
41.781002521108206
42.407962148488444
41.865662013144465
42.61335353898569
42.33843405222147
42.532627315866634
42.03333456063095
41.40394717868418
42.504410907732854
42.960166533643324
42.19877588164924
42.031448410717395
41.93410487020046
41.874920342349505
41.87379933503856
42.564757258424045
42.87627580559652
41.81376866631224
41.76491429280028
41.781002521108206
42.407962148488444
41.865662013144465
42.61335353898569
42.33843405222147
42.532627315866634
42.03333456063095
41.40394717868418
42.504410907732854
42.960166533643324
42.19877588164924
42.031448410717395
41.93410487020046
41.874920342349505
41.87379933503856
42.564757258424045
42.87627580559652
41.81376866631224
41.76491429280028
41.781002521108206
42.407962148488444
41.865662013144465
42.61335353898569
42.33843405222147
42.532627315866634
42.03333456063095
41.40394717868418
42.504410907732854
42.960166533643324
42.19877588164924
42.031448410717395
41.93410487020046
41.874920342349505
41.87379933503856
30.562442354460835
30.080136276603984
29.872154610435203
28.113574038034983
28.877168237340143
28.80054854869789
28.52851639591829
28.906363354085297
28.781012183703123
27.992316514330273
28.15706269666854
27.776061395639815
27.138834677720297
30.988325206785664
29.316181290790944
28.907458977238118
30.565860693782565
29.595038183564505
29.528395285119128
28.591571397493144
28.06174171137826
28.990813584697964
28.258717930545714
27.919901438887894
27.971061858377908
28.33027275892954
31.319388408687374
29.221001468147264
28.32147305140107
30.438107040140093
27.55399337038502
29.29383818688855
31.76083194389771
28.015917432571744
27.155267201747872
31.30656967458837
29.137830222197515
27.96170354325553
28.966827226177504
28.42104993000936
29.339228105110553
26.530180071760913
28.79342992864428
27.453612105498074
28.301338427365717
27.40376236168426
25.86775680026825
30.562442354460835
30.080136276603984
29.872154610435203
28.113574038034983
28.877168237340143
28.80054854869789
28.52851639591829
28.906363354085297
28.781012183703123
27.992316514330273
28.15706269666854
27.776061395639815
27.138834677720297
30.988325206785664
29.316181290790944
28.907458977238118
30.565860693782565
29.595038183564505
29.528395285119128
28.591571397493144
28.06174171137826
28.990813584697964
28.258717930545714
27.919901438887894
27.971061858377908
28.33027275892954
31.319388408687374
29.221001468147264
28.32147305140107
30.438107040140093
27.55399337038502
29.29383818688855
31.76083194389771
28.015917432571744
27.155267201747872
31.30656967458837
29.137830222197515
27.96170354325553
28.966827226177504
28.42104993000936
29.339228105110553
26.530180071760913
28.79342992864428
27.453612105498074
28.301338427365717
27.40376236168426
25.86775680026825
30.562442354460835
30.080136276603984
29.872154610435203
28.113574038034983
28.877168237340143
28.80054854869789
28.52851639591829
28.906363354085297
28.781012183703123
27.992316514330273
28.15706269666854
27.776061395639815
27.138834677720297
30.988325206785664
29.316181290790944
28.907458977238118
30.565860693782565
29.595038183564505
29.528395285119128
28.591571397493144
28.06174171137826
28.990813584697964
28.258717930545714
27.919901438887894
27.971061858377908
28.33027275892954
31.319388408687374
29.221001468147264
28.32147305140107
30.438107040140093
27.55399337038502
29.29383818688855
31.76083194389771
28.015917432571744
27.155267201747872
31.30656967458837
29.137830222197515
27.96170354325553
28.966827226177504
28.42104993000936
29.339228105110553
26.530180071760913
28.79342992864428
27.453612105498074
28.301338427365717
27.40376236168426
25.86775680026825
42.564757258424045
42.87627580559652
41.81376866631224
41.76491429280028
41.781002521108206
42.407962148488444
41.865662013144465
42.61335353898569
42.33843405222147
42.532627315866634
42.03333456063095
41.40394717868418
42.504410907732854
42.960166533643324
42.19877588164924
42.031448410717395
41.93410487020046
41.874920342349505
41.87379933503856
42.564757258424045
42.87627580559652
41.81376866631224
41.76491429280028
41.781002521108206
42.407962148488444
41.865662013144465
42.61335353898569
42.33843405222147
42.532627315866634
42.03333456063095
41.40394717868418
42.504410907732854
42.960166533643324
42.19877588164924
42.031448410717395
41.93410487020046
41.874920342349505
41.87379933503856
42.564757258424045
42.87627580559652
41.81376866631224
41.76491429280028
41.781002521108206
42.407962148488444
41.865662013144465
42.61335353898569
42.33843405222147
42.532627315866634
42.03333456063095
41.40394717868418
42.504410907732854
42.960166533643324
42.19877588164924
42.031448410717395
41.93410487020046
41.874920342349505
41.87379933503856
30.562442354460835
30.080136276603984
29.872154610435203
28.113574038034983
28.877168237340143
28.80054854869789
28.52851639591829
28.906363354085297
28.781012183703123
27.992316514330273
28.15706269666854
27.776061395639815
27.138834677720297
30.988325206785664
29.316181290790944
28.907458977238118
30.565860693782565
29.595038183564505
29.528395285119128
28.591571397493144
28.06174171137826
28.990813584697964
28.258717930545714
27.919901438887894
27.971061858377908
28.33027275892954
31.319388408687374
29.221001468147264
28.32147305140107
30.438107040140093
27.55399337038502
29.29383818688855
31.76083194389771
28.015917432571744
27.155267201747872
31.30656967458837
29.137830222197515
27.96170354325553
28.966827226177504
28.42104993000936
29.339228105110553
26.530180071760913
28.79342992864428
27.453612105498074
28.301338427365717
27.40376236168426
25.86775680026825
